[gd_scene load_steps=6 format=3 uid="uid://csn7bknrr6t3c"]

[ext_resource type="PackedScene" uid="uid://bua6l5ydbtl31" path="res://hex.glb" id="1_ox25j"]
[ext_resource type="PackedScene" uid="uid://cvsvkjwkngxk6" path="res://test-unit.tscn" id="2_ti2v6"]
[ext_resource type="Script" path="res://drag_and_drop.gd" id="3_ep364"]
[ext_resource type="PackedScene" uid="uid://b285dydi2tsbn" path="res://floor.tscn" id="4_luv8w"]
[ext_resource type="Script" path="res://test_mesh.gd" id="5_0sv74"]

[node name="Main" type="Node3D"]

[node name="DragDropManager" type="Node3D" parent="."]
script = ExtResource("3_ep364")

[node name="Camera3D" type="Camera3D" parent="."]
unique_name_in_owner = true
transform = Transform3D(1, 0, 0, 0, 0.819152, 0.573576, 0, -0.573576, 0.819152, 0.460957, 4.42752, 5.48775)

[node name="DirectionalLight3D" type="DirectionalLight3D" parent="."]
transform = Transform3D(1, 0, 0, 0, 0.543687, 0.839288, 0, -0.839288, 0.543687, 0, 1.69348, 0)

[node name="DirectionalLight3D2" type="DirectionalLight3D" parent="."]
transform = Transform3D(-0.474196, -0.738925, 0.478673, 0, 0.543687, 0.839288, -0.880419, 0.397987, -0.257814, -2.60183, 3.68417, 6.09888)

[node name="ActiveBoard" type="Node" parent="."]

[node name="hex" parent="ActiveBoard" instance=ExtResource("1_ox25j")]
transform = Transform3D(0.0306955, 0, 0.999529, 0, 1, 0, -0.999529, 0, 0.0306955, 2.10002, 0, 0.122505)

[node name="hex2" parent="ActiveBoard" instance=ExtResource("1_ox25j")]
transform = Transform3D(0.0297844, 0.000755731, 0.999556, 0.0014655, 0.999999, -0.00079975, -0.999556, 0.00148868, 0.0297832, 2.17618, 1.19209e-07, -1.62226)

[node name="hex3" parent="ActiveBoard" instance=ExtResource("1_ox25j")]
transform = Transform3D(0.0306955, 0, 0.999529, 0, 1, 0, -0.999529, 0, 0.0306955, 0.635625, 0, -0.818435)

[node name="hex4" parent="ActiveBoard" instance=ExtResource("1_ox25j")]
transform = Transform3D(0.0306955, 0, 0.999529, 0, 1, 0, -0.999529, 0, 0.0306955, 0.683013, 0, -2.50168)

[node name="hex5" parent="ActiveBoard" instance=ExtResource("1_ox25j")]
transform = Transform3D(0.0306955, 0, 0.999529, 0, 1, 0, -0.999529, 0, 0.0306955, 0.690932, -1.19209e-07, 0.903795)

[node name="hex6" parent="ActiveBoard" instance=ExtResource("1_ox25j")]
transform = Transform3D(0.0306955, 0, 0.999529, 0, 1, 0, -0.999529, 0, 0.0306955, -0.801713, 0, 0.0519676)

[node name="hex7" parent="ActiveBoard" instance=ExtResource("1_ox25j")]
transform = Transform3D(0.0306955, 0, 0.999529, 0, 1, 0, -0.999529, 0, 0.0306955, -0.832411, 1.19209e-07, -1.70451)

[node name="Test-unit" parent="." instance=ExtResource("2_ti2v6")]
transform = Transform3D(1, 0, 0, 0, 1, 0, 0, 0, 1, -2.6243, 0.636779, -0.685693)
health = 250.0

[node name="Test-unit2" parent="." instance=ExtResource("2_ti2v6")]
transform = Transform3D(1, 0, 0, 0, 1, 0, 0, 0, 1, -2.44479, 0.610261, 1.40496)
health = 120.0

[node name="Test-unit3" parent="." instance=ExtResource("2_ti2v6")]
transform = Transform3D(1, 0, 0, 0, 1, 0, 0, 0, 1, -2.69069, 0.609445, 0.313685)
health = 50.0

[node name="Floor" parent="." instance=ExtResource("4_luv8w")]
transform = Transform3D(5, 0, 0, 0, 5, 0, 0, 0, 5, 2.26459, -0.189333, 0.957795)

[node name="TestMesh" type="MeshInstance3D" parent="."]
visible = false
script = ExtResource("5_0sv74")
