[gd_scene load_steps=5 format=3 uid="uid://csn7bknrr6t3c"]

[ext_resource type="PackedScene" uid="uid://bua6l5ydbtl31" path="res://hex.glb" id="1_ox25j"]
[ext_resource type="PackedScene" uid="uid://cvsvkjwkngxk6" path="res://test-unit.tscn" id="2_ti2v6"]
[ext_resource type="Script" path="res://drag_and_drop.gd" id="3_ep364"]
[ext_resource type="PackedScene" uid="uid://b285dydi2tsbn" path="res://floor.tscn" id="4_luv8w"]

[node name="Main" type="Node3D"]

[node name="DragDropManager" type="Node3D" parent="."]
script = ExtResource("3_ep364")

[node name="Camera3D" type="Camera3D" parent="."]
unique_name_in_owner = true
transform = Transform3D(1, 0, 0, 0, 0.819152, 0.573576, 0, -0.573576, 0.819152, 0.460957, 4.42752, 5.48775)

[node name="DirectionalLight3D" type="DirectionalLight3D" parent="."]
transform = Transform3D(1, 0, 0, 0, 0.543687, 0.839288, 0, -0.839288, 0.543687, 0, 1.69348, 0)

[node name="ActiveBoard" type="Node" parent="."]

[node name="hex" parent="ActiveBoard" instance=ExtResource("1_ox25j")]
transform = Transform3D(0.0306955, 0, 0.999529, 0, 1, 0, -0.999529, 0, 0.0306955, 2.10002, 0, 0.9192)

[node name="hex2" parent="ActiveBoard" instance=ExtResource("1_ox25j")]
transform = Transform3D(0.0297844, 0.000755731, 0.999556, 0.0014655, 0.999999, -0.00079975, -0.999556, 0.00148868, 0.0297832, 2.17618, 1.19209e-07, -0.825568)

[node name="hex3" parent="ActiveBoard" instance=ExtResource("1_ox25j")]
transform = Transform3D(0.0306955, 0, 0.999529, 0, 1, 0, -0.999529, 0, 0.0306955, 0.635625, 0, -0.0217398)

[node name="hex4" parent="ActiveBoard" instance=ExtResource("1_ox25j")]
transform = Transform3D(0.0306955, 0, 0.999529, 0, 1, 0, -0.999529, 0, 0.0306955, 0.683013, 0, -1.70498)

[node name="hex5" parent="ActiveBoard" instance=ExtResource("1_ox25j")]
transform = Transform3D(0.0306955, 0, 0.999529, 0, 1, 0, -0.999529, 0, 0.0306955, 0.690932, -1.19209e-07, 1.70049)

[node name="hex6" parent="ActiveBoard" instance=ExtResource("1_ox25j")]
transform = Transform3D(0.0306955, 0, 0.999529, 0, 1, 0, -0.999529, 0, 0.0306955, -0.801713, 0, 0.848663)

[node name="hex7" parent="ActiveBoard" instance=ExtResource("1_ox25j")]
transform = Transform3D(0.0306955, 0, 0.999529, 0, 1, 0, -0.999529, 0, 0.0306955, -0.832411, 1.19209e-07, -0.907817)

[node name="Test-unit" parent="." instance=ExtResource("2_ti2v6")]
transform = Transform3D(1, 0, 0, 0, 1, 0, 0, 0, 1, 0.769125, 0.936876, 2.41282)
health = 500.0

[node name="Test-unit2" parent="." instance=ExtResource("2_ti2v6")]
transform = Transform3D(1, 0, 0, 0, 1, 0, 0, 0, 1, 1.99173, 0.931192, 1.6698)
health = 88.0

[node name="Test-unit3" parent="." instance=ExtResource("2_ti2v6")]
transform = Transform3D(1, 0, 0, 0, 1, 0, 0, 0, 1, -0.550115, 0.931192, 0.0922633)
health = 12.0

[node name="Floor" parent="." instance=ExtResource("4_luv8w")]
transform = Transform3D(5, 0, 0, 0, 5, 0, 0, 0, 5, 2.26459, -0.189333, 0.957795)
